0.01 -0.0714186 -0.00229697 0.013885 -0.194417
0.02 -0.063884 -0.00432136 0.0138739 -0.217173
0.03 -0.0578918 -0.00614511 0.0138564 -0.23935
0.04 -0.052851 -0.0078043 0.0138331 -0.261738
0.05 -0.0484854 -0.00932289 0.0138045 -0.284715
0.06 -0.0446349 -0.0107186 0.0137711 -0.308527
0.07 -0.0411954 -0.0120051 0.0137332 -0.333367
0.08 -0.0380938 -0.0131937 0.0136911 -0.359406
0.09 -0.0352766 -0.0142936 0.0136453 -0.386809
0.1 -0.0327026 -0.0153127 0.0135959 -0.415745
0.11 -0.0303396 -0.0162578 0.0135433 -0.44639
0.12 -0.0281616 -0.0171349 0.0134876 -0.478937
0.13 -0.0261473 -0.0179492 0.0134291 -0.513596
0.14 -0.0242789 -0.0187052 0.013368 -0.550602
0.15 -0.0225415 -0.0194072 0.0133045 -0.590222
0.16 -0.0209223 -0.0200589 0.0132387 -0.632756
0.17 -0.0194103 -0.0206636 0.0131708 -0.678549
0.18 -0.0179959 -0.0212245 0.013101 -0.728
0.19 -0.0166708 -0.0217443 0.0130294 -0.78157
0.2 -0.0154276 -0.0222255 0.0129561 -0.839801
0.21 -0.0142597 -0.0226707 0.0128812 -0.903331
0.22 -0.0131615 -0.0230818 0.012805 -0.972915
0.23 -0.0121276 -0.023461 0.0127274 -1.04946
0.24 -0.0111534 -0.0238101 0.0126486 -1.13406
0.25 -0.0102346 -0.0241307 0.0125687 -1.22805
0.26 -0.00936758 -0.0244247 0.0124878 -1.33308
0.27 -0.00854869 -0.0246933 0.0124059 -1.45121
0.28 -0.00777482 -0.024938 0.0123232 -1.58501
0.29 -0.00704309 -0.0251602 0.0122397 -1.73783
0.3 -0.00635083 -0.025361 0.0121555 -1.914
0.31 -0.00569562 -0.0255416 0.0120706 -2.11928
0.32 -0.00507521 -0.0257031 0.0119852 -2.36152
0.33 -0.00448754 -0.0258465 0.0118993 -2.65163
0.34 -0.00393069 -0.0259727 0.0118129 -3.0053
0.35 -0.0034029 -0.0260826 0.0117262 -3.44593
0.36 -0.00290252 -0.0261771 0.0116391 -4.00998
0.37 -0.00242803 -0.026257 0.0115517 -4.75763
0.38 -0.001978 -0.026323 0.011464 -5.79577
0.39 -0.00155111 -0.0263759 0.0113762 -7.33423
0.4 -0.00114612 -0.0264163 0.0112882 -9.84904
0.41 -0.000761881 -0.0264449 0.0112001 -14.7006
0.42 -0.000397307 -0.0264622 0.0111119 -27.9681
0.43 -5.13848e-05 -0.0264689 0.0110237 -214.532
0.44 0.000276836 -0.0264655 0.0109355 39.5015
0.45 0.000588249 -0.0264525 0.0108473 18.4399
0.46 0.000883692 -0.0264303 0.0107591 12.1752
0.47 0.00116396 -0.0263996 0.0106711 9.16793
0.48 0.00142978 -0.0263607 0.0105831 7.40191
0.49 0.00168188 -0.0263139 0.0104953 6.24026
0.5 0.00192089 -0.0262599 0.0104077 5.41816
0.51 0.00214746 -0.0261988 0.0103203 4.8058
0.52 0.00236217 -0.0261311 0.0102331 4.33205
0.53 0.00256558 -0.0260572 0.0101461 3.95469
0.54 0.00275821 -0.0259773 0.0100594 3.64705
0.55 0.00294057 -0.0258918 0.0099729 3.39148
0.56 0.00311313 -0.025801 0.00988675 3.17582
0.57 0.00327634 -0.0257051 0.0098009 2.99142
0.58 0.00343062 -0.0256045 0.00971539 2.83196
0.59 0.00357638 -0.0254994 0.00963021 2.69272
0.6 0.00371401 -0.02539 0.00954539 2.57011
0.61 0.00384386 -0.0252766 0.00946095 2.46132
0.62 0.00396629 -0.0251594 0.00937689 2.36415
0.63 0.00408162 -0.0250387 0.00929322 2.27685
0.64 0.00419017 -0.0249146 0.00920997 2.19799
0.65 0.00429224 -0.0247874 0.00912713 2.12643
0.66 0.00438811 -0.0246571 0.00904472 2.06119
0.67 0.00447806 -0.0245241 0.00896275 2.00148
0.68 0.00456234 -0.0243885 0.00888123 1.94664
0.69 0.0046412 -0.0242504 0.00880017 1.8961
0.7 0.00471488 -0.0241101 0.00871956 1.84937
0.71 0.00478359 -0.0239676 0.00863943 1.80605
0.72 0.00484757 -0.0238231 0.00855978 1.76579
0.73 0.004907 -0.0236768 0.00848061 1.72827
0.74 0.00496209 -0.0235287 0.00840194 1.69323
0.75 0.00501302 -0.0233791 0.00832376 1.66043
0.76 0.00505998 -0.023228 0.00824608 1.62967
0.77 0.00510313 -0.0230755 0.00816891 1.60077
0.78 0.00514263 -0.0229218 0.00809224 1.57356
0.79 0.00517865 -0.022767 0.0080161 1.54791
0.8 0.00521133 -0.0226112 0.00794046 1.52369
0.81 0.00524082 -0.0224544 0.00786536 1.50079
0.82 0.00526726 -0.0222967 0.00779077 1.47909
0.83 0.00529077 -0.0221384 0.00771671 1.45852
0.84 0.00531148 -0.0219793 0.00764318 1.43899
0.85 0.00532952 -0.0218197 0.00757018 1.42042
0.86 0.005345 -0.0216596 0.00749772 1.40275
0.87 0.00535803 -0.021499 0.00742579 1.38592
0.88 0.00536871 -0.0213381 0.00735439 1.36986
0.89 0.00537715 -0.0211769 0.00728353 1.35453
0.9 0.00538345 -0.0210155 0.00721321 1.33989
0.91 0.0053877 -0.0208539 0.00714343 1.32588
0.92 0.00538999 -0.0206923 0.00707419 1.31247
0.93 0.00539041 -0.0205306 0.00700548 1.29962
0.94 0.00538904 -0.0203689 0.00693732 1.2873
0.95 0.00538596 -0.0202072 0.00686969 1.27548
0.96 0.00538124 -0.0200457 0.0068026 1.26413
0.97 0.00537497 -0.0198844 0.00673605 1.25323
0.98 0.00536721 -0.0197232 0.00667004 1.24274
0.99 0.00535802 -0.0195624 0.00660456 1.23265
1.0 0.00534748 -0.0194018 0.00653962 1.22293
1.01 0.00533565 -0.0192415 0.00647522 1.21358
1.02 0.00532258 -0.0190816 0.00641134 1.20456
1.03 0.00530834 -0.0189222 0.006348 1.19586
1.04 0.00529297 -0.0187632 0.0062852 1.18746
1.05 0.00527654 -0.0186046 0.00622292 1.17936
1.06 0.00525909 -0.0184466 0.00616116 1.17153
1.07 0.00524068 -0.0182891 0.00609994 1.16396
1.08 0.00522135 -0.0181321 0.00603924 1.15664
1.09 0.00520114 -0.0179758 0.00597906 1.14957
1.1 0.00518011 -0.0178201 0.0059194 1.14272
1.11 0.00515829 -0.017665 0.00586026 1.13609
1.12 0.00513572 -0.0175106 0.00580163 1.12966
1.13 0.00511244 -0.0173569 0.00574352 1.12344
1.14 0.00508849 -0.0172039 0.00568592 1.11741
1.15 0.00506391 -0.0170516 0.00562882 1.11156
1.16 0.00503872 -0.0169 0.00557224 1.10588
1.17 0.00501297 -0.0167492 0.00551616 1.10038
1.18 0.00498669 -0.0165992 0.00546058 1.09503
1.19 0.0049599 -0.01645 0.00540549 1.08984
1.2 0.00493263 -0.0163017 0.00535091 1.0848
1.21 0.00490492 -0.0161541 0.00529682 1.0799
1.22 0.00487679 -0.0160074 0.00524321 1.07514
1.23 0.00484827 -0.0158615 0.0051901 1.07051
1.24 0.00481938 -0.0157165 0.00513747 1.066
1.25 0.00479015 -0.0155723 0.00508532 1.06162
1.26 0.00476059 -0.0154291 0.00503365 1.05736
1.27 0.00473075 -0.0152867 0.00498246 1.05321
1.28 0.00470062 -0.0151452 0.00493174 1.04917
1.29 0.00467024 -0.0150047 0.00488149 1.04523
1.3 0.00463963 -0.014865 0.00483171 1.0414
1.31 0.0046088 -0.0147263 0.00478239 1.03766
1.32 0.00457777 -0.0145885 0.00473353 1.03402
1.33 0.00454657 -0.0144516 0.00468513 1.03048
1.34 0.0045152 -0.0143157 0.00463719 1.02702
1.35 0.00448369 -0.0141807 0.00458969 1.02364
1.36 0.00445204 -0.0140467 0.00454265 1.02035
1.37 0.00442028 -0.0139136 0.00449605 1.01714
1.38 0.00438842 -0.0137815 0.00444989 1.01401
1.39 0.00435648 -0.0136503 0.00440417 1.01095
1.4 0.00432446 -0.0135201 0.00435889 1.00796
1.41 0.00429238 -0.0133908 0.00431404 1.00505
1.42 0.00426025 -0.0132625 0.00426961 1.0022
1.43 0.00422809 -0.0131352 0.00422562 0.999416
1.44 0.0041959 -0.0130088 0.00418204 0.996699
1.45 0.00416369 -0.0128835 0.00413889 0.994043
1.46 0.00413149 -0.012759 0.00409615 0.991448
1.47 0.00409929 -0.0126356 0.00405383 0.988911
1.48 0.0040671 -0.0125131 0.00401192 0.986431
1.49 0.00403494 -0.0123915 0.00397041 0.984006
1.5 0.00400282 -0.012271 0.0039293 0.981635
1.51 0.00397073 -0.0121514 0.0038886 0.979315
1.52 0.0039387 -0.0120327 0.00384829 0.977046
1.53 0.00390673 -0.011915 0.00380838 0.974826
1.54 0.00387482 -0.0117983 0.00376886 0.972654
1.55 0.00384298 -0.0116826 0.00372972 0.970528
1.56 0.00381123 -0.0115677 0.00369097 0.968447
1.57 0.00377956 -0.0114539 0.00365261 0.96641
1.58 0.00374798 -0.011341 0.00361461 0.964416
1.59 0.0037165 -0.011229 0.003577 0.962463
1.6 0.00368513 -0.011118 0.00353975 0.960551
1.61 0.00365386 -0.0110079 0.00350288 0.958678
1.62 0.00362271 -0.0108987 0.00346637 0.956843
1.63 0.00359168 -0.0107905 0.00343022 0.955046
1.64 0.00356077 -0.0106832 0.00339443 0.953285
1.65 0.00352999 -0.0105769 0.00335899 0.951559
1.66 0.00349934 -0.0104714 0.00332391 0.949869
1.67 0.00346883 -0.0103669 0.00328918 0.948211
1.68 0.00343846 -0.0102633 0.0032548 0.946587
1.69 0.00340823 -0.0101606 0.00322076 0.944994
1.7 0.00337815 -0.0100588 0.00318706 0.943433
1.71 0.00334823 -0.00995792 0.0031537 0.941902
1.72 0.00331845 -0.00985792 0.00312068 0.940401
1.73 0.00328883 -0.00975881 0.00308798 0.938929
1.74 0.00325937 -0.00966059 0.00305562 0.937485
1.75 0.00323008 -0.00956325 0.00302358 0.936069
1.76 0.00320095 -0.00946678 0.00299186 0.93468
1.77 0.00317198 -0.00937119 0.00296046 0.933317
1.78 0.00314318 -0.00927646 0.00292938 0.93198
1.79 0.00311456 -0.0091826 0.00289862 0.930668
1.8 0.00308611 -0.00908959 0.00286817 0.92938
1.81 0.00305783 -0.00899743 0.00283802 0.928117
1.82 0.00302972 -0.00890612 0.00280818 0.926877
1.83 0.0030018 -0.00881564 0.00277865 0.92566
1.84 0.00297406 -0.00872601 0.00274941 0.924465
1.85 0.00294649 -0.0086372 0.00272047 0.923292
1.86 0.00291911 -0.00854921 0.00269183 0.922141
1.87 0.00289191 -0.00846205 0.00266348 0.92101
1.88 0.00286489 -0.0083757 0.00263541 0.9199
1.89 0.00283806 -0.00829015 0.00260764 0.91881
1.9 0.00281141 -0.00820541 0.00258014 0.91774
1.91 0.00278495 -0.00812147 0.00255293 0.916689
1.92 0.00275868 -0.00803831 0.002526 0.915656
1.93 0.00273259 -0.00795595 0.00249934 0.914642
1.94 0.00270669 -0.00787436 0.00247296 0.913646
1.95 0.00268098 -0.00779354 0.00244685 0.912668
1.96 0.00265546 -0.0077135 0.002421 0.911706
1.97 0.00263013 -0.00763421 0.00239542 0.910762
1.98 0.00260499 -0.00755569 0.00237011 0.909834
1.99 0.00258003 -0.00747791 0.00234505 0.908923
2.0 0.00255527 -0.00740088 0.00232025 0.908027
2.01 0.00253069 -0.00732459 0.00229571 0.907147
2.02 0.00250631 -0.00724904 0.00227142 0.906282
2.03 0.00248211 -0.00717421 0.00224738 0.905431
2.04 0.00245811 -0.00710011 0.00222359 0.904596
2.05 0.00243429 -0.00702672 0.00220005 0.903775
2.06 0.00241066 -0.00695405 0.00217675 0.902968
2.07 0.00238722 -0.00688208 0.00215369 0.902174
2.08 0.00236397 -0.00681082 0.00213087 0.901395
2.09 0.0023409 -0.00674024 0.00210828 0.900628
2.1 0.00231802 -0.00667036 0.00208593 0.899874
2.11 0.00229533 -0.00660116 0.00206381 0.899134
2.12 0.00227283 -0.00653264 0.00204192 0.898405
2.13 0.00225051 -0.00646479 0.00202026 0.897689
2.14 0.00222838 -0.00639761 0.00199882 0.896985
2.15 0.00220643 -0.00633108 0.00197761 0.896293
2.16 0.00218467 -0.00626522 0.00195661 0.895612
2.17 0.00216309 -0.0062 0.00193584 0.894942
2.18 0.00214169 -0.00613543 0.00191528 0.894284
2.19 0.00212048 -0.0060715 0.00189494 0.893637
2.2 0.00209944 -0.0060082 0.0018748 0.893
2.21 0.00207859 -0.00594553 0.00185488 0.892374
2.22 0.00205792 -0.00588348 0.00183517 0.891759
2.23 0.00203742 -0.00582205 0.00181566 0.891153
2.24 0.00201711 -0.00576124 0.00179635 0.890557
2.25 0.00199697 -0.00570103 0.00177725 0.889971
2.26 0.00197701 -0.00564142 0.00175834 0.889395
2.27 0.00195722 -0.0055824 0.00173964 0.888829
2.28 0.00193761 -0.00552398 0.00172113 0.888271
2.29 0.00191818 -0.00546614 0.00170281 0.887723
2.3 0.00189891 -0.00540889 0.00168469 0.887183
2.31 0.00187982 -0.00535221 0.00166675 0.886653
2.32 0.0018609 -0.0052961 0.001649 0.886131
2.33 0.00184215 -0.00524055 0.00163144 0.885617
2.34 0.00182357 -0.00518557 0.00161407 0.885112
2.35 0.00180516 -0.00513114 0.00159687 0.884615
2.36 0.00178691 -0.00507725 0.00157986 0.884126
2.37 0.00176883 -0.00502392 0.00156302 0.883645
2.38 0.00175092 -0.00497112 0.00154636 0.883172
2.39 0.00173317 -0.00491886 0.00152988 0.882707
2.4 0.00171558 -0.00486713 0.00151357 0.882249
2.41 0.00169816 -0.00481593 0.00149743 0.881798
2.42 0.00168089 -0.00476524 0.00148146 0.881355
2.43 0.00166379 -0.00471507 0.00146566 0.880919
2.44 0.00164685 -0.00466541 0.00145003 0.880489
2.45 0.00163006 -0.00461626 0.00143456 0.880067
2.46 0.00161343 -0.00456761 0.00141925 0.879652
2.47 0.00159695 -0.00451945 0.00140411 0.879243
2.48 0.00158063 -0.00447179 0.00138912 0.878841
2.49 0.00156446 -0.00442461 0.0013743 0.878445
2.5 0.00154845 -0.00437792 0.00135963 0.878056
2.51 0.00153259 -0.0043317 0.00134511 0.877673
2.52 0.00151687 -0.00428596 0.00133075 0.877296
2.53 0.00150131 -0.00424069 0.00131654 0.876925
2.54 0.00148589 -0.00419588 0.00130248 0.876561
2.55 0.00147062 -0.00415153 0.00128856 0.876202
2.56 0.0014555 -0.00410764 0.0012748 0.875849
2.57 0.00144052 -0.0040642 0.00126118 0.875501
2.58 0.00142569 -0.00402121 0.0012477 0.875159
2.59 0.00141099 -0.00397866 0.00123437 0.874823
2.6 0.00139644 -0.00393655 0.00122118 0.874492
2.61 0.00138203 -0.00389487 0.00120813 0.874166
2.62 0.00136776 -0.00385363 0.00119521 0.873846
2.63 0.00135363 -0.0038128 0.00118243 0.873531
2.64 0.00133963 -0.00377241 0.00116979 0.873221
2.65 0.00132577 -0.00373243 0.00115728 0.872916
2.66 0.00131204 -0.00369286 0.00114491 0.872616
2.67 0.00129845 -0.0036537 0.00113267 0.872321
2.68 0.00128499 -0.00361495 0.00112055 0.87203
2.69 0.00127166 -0.0035766 0.00110857 0.871744
2.7 0.00125847 -0.00353865 0.00109671 0.871463
2.71 0.0012454 -0.00350109 0.00108497 0.871187
2.72 0.00123246 -0.00346392 0.00107337 0.870915
2.73 0.00121964 -0.00342714 0.00106188 0.870647
2.74 0.00120696 -0.00339074 0.00105052 0.870384
2.75 0.0011944 -0.00335472 0.00103928 0.870125
2.76 0.00118196 -0.00331908 0.00102815 0.869871
2.77 0.00116965 -0.00328381 0.00101715 0.86962
2.78 0.00115745 -0.0032489 0.00100626 0.869374
2.79 0.00114538 -0.00321436 0.000995488 0.869132
2.8 0.00113343 -0.00318018 0.00098483 0.868893
2.81 0.0011216 -0.00314635 0.000974286 0.868659
2.82 0.00110988 -0.00311288 0.000963854 0.868429
2.83 0.00109828 -0.00307976 0.000953533 0.868202
2.84 0.0010868 -0.00304698 0.000943322 0.867979
2.85 0.00107543 -0.00301455 0.00093322 0.86776
2.86 0.00106418 -0.00298245 0.000923225 0.867545
2.87 0.00105304 -0.00295069 0.000913336 0.867333
2.88 0.00104201 -0.00291927 0.000903553 0.867125
2.89 0.00103109 -0.00288817 0.000893874 0.86692
2.9 0.00102028 -0.0028574 0.000884298 0.866719
2.91 0.00100958 -0.00282695 0.000874824 0.866521
2.92 0.00099899 -0.00279683 0.000865452 0.866326
2.93 0.000988505 -0.00276701 0.000856179 0.866135
2.94 0.000978125 -0.00273752 0.000847004 0.865947
2.95 0.00096785 -0.00270833 0.000837928 0.865763
2.96 0.000957679 -0.00267944 0.000828949 0.865581
2.97 0.000947611 -0.00265086 0.000820065 0.865403
2.98 0.000937645 -0.00262259 0.000811276 0.865227
2.99 0.00092778 -0.0025946 0.000802581 0.865055
3.0 0.000918015 -0.00256692 0.000793978 0.864886
3.01 0.000908349 -0.00253952 0.000785468 0.86472
3.02 0.000898782 -0.00251242 0.000777048 0.864556
3.03 0.000889312 -0.00248559 0.000768718 0.864396
3.04 0.000879939 -0.00245906 0.000760477 0.864238
3.05 0.000870661 -0.0024328 0.000752324 0.864083
3.06 0.000861478 -0.00240682 0.000744258 0.863931
3.07 0.000852389 -0.00238111 0.000736278 0.863782
3.08 0.000843392 -0.00235567 0.000728383 0.863635
3.09 0.000834488 -0.0023305 0.000720573 0.863491
3.1 0.000825675 -0.0023056 0.000712846 0.86335
3.11 0.000816952 -0.00228096 0.000705202 0.863211
3.12 0.000808319 -0.00225658 0.00069764 0.863075
3.13 0.000799774 -0.00223246 0.000690158 0.862941
3.14 0.000791317 -0.0022086 0.000682756 0.86281
3.15 0.000782947 -0.00218498 0.000675434 0.862681
3.16 0.000774664 -0.00216162 0.00066819 0.862555
3.17 0.000766465 -0.0021385 0.000661023 0.862431
3.18 0.000758351 -0.00211563 0.000653933 0.862309
3.19 0.00075032 -0.002093 0.000646918 0.86219
3.2 0.000742373 -0.00207061 0.000639979 0.862072
3.21 0.000734507 -0.00204846 0.000633114 0.861958
3.22 0.000726723 -0.00202654 0.000626322 0.861845
3.23 0.000719019 -0.00200485 0.000619603 0.861735
3.24 0.000711395 -0.0019834 0.000612956 0.861627
3.25 0.000703849 -0.00196217 0.000606381 0.861521
3.26 0.000696382 -0.00194116 0.000599875 0.861417
3.27 0.000688992 -0.00192038 0.000593439 0.861315
3.28 0.000681679 -0.00189982 0.000587072 0.861215
3.29 0.000674442 -0.00187948 0.000580773 0.861117
3.3 0.00066728 -0.00185936 0.000574542 0.861021
3.31 0.000660192 -0.00183944 0.000568378 0.860928
3.32 0.000653178 -0.00181974 0.000562279 0.860836
3.33 0.000646237 -0.00180025 0.000556246 0.860746
3.34 0.000639368 -0.00178097 0.000550277 0.860658
3.35 0.00063257 -0.00176189 0.000544372 0.860572
3.36 0.000625844 -0.00174301 0.000538531 0.860488
3.37 0.000619187 -0.00172434 0.000532752 0.860405
3.38 0.0006126 -0.00170586 0.000527035 0.860325
3.39 0.000606082 -0.00168758 0.000521379 0.860246
3.4 0.000599631 -0.0016695 0.000515784 0.860169
3.41 0.000593248 -0.0016516 0.000510249 0.860094
3.42 0.000586932 -0.0016339 0.000504773 0.86002
3.43 0.000580682 -0.00161639 0.000499356 0.859948
3.44 0.000574497 -0.00159906 0.000493997 0.859878
3.45 0.000568377 -0.00158192 0.000488696 0.859809
3.46 0.000562321 -0.00156496 0.000483451 0.859742
3.47 0.000556328 -0.00154818 0.000478262 0.859677
3.48 0.000550398 -0.00153158 0.00047313 0.859613
3.49 0.00054453 -0.00151515 0.000468052 0.859551
3.5 0.000538724 -0.0014989 0.000463028 0.859491
3.51 0.000532979 -0.00148283 0.000458059 0.859432
3.52 0.000527294 -0.00146692 0.000453143 0.859374
3.53 0.000521668 -0.00145119 0.000448279 0.859318
3.54 0.000516102 -0.00143562 0.000443468 0.859264
3.55 0.000510594 -0.00142022 0.000438708 0.859211
3.56 0.000505145 -0.00140499 0.000434 0.859159
3.57 0.000499752 -0.00138991 0.000429341 0.859109
3.58 0.000494416 -0.001375 0.000424733 0.85906
3.59 0.000489137 -0.00136025 0.000420175 0.859013
3.6 0.000483913 -0.00134565 0.000415665 0.858967
3.61 0.000478744 -0.00133121 0.000411203 0.858922
3.62 0.000473629 -0.00131693 0.00040679 0.858879
3.63 0.000468568 -0.0013028 0.000402424 0.858837
3.64 0.000463561 -0.00128881 0.000398104 0.858796
3.65 0.000458607 -0.00127498 0.000393831 0.858757
3.66 0.000453704 -0.0012613 0.000389604 0.858718
3.67 0.000448854 -0.00124776 0.000385423 0.858682
3.68 0.000444055 -0.00123436 0.000381286 0.858646
3.69 0.000439306 -0.00122111 0.000377193 0.858612
3.7 0.000434608 -0.00120801 0.000373145 0.858578
3.71 0.000429959 -0.00119504 0.00036914 0.858546
3.72 0.000425359 -0.00118221 0.000365178 0.858516
3.73 0.000420809 -0.00116952 0.000361258 0.858486
3.74 0.000416306 -0.00115696 0.000357381 0.858458
3.75 0.000411851 -0.00114454 0.000353545 0.85843
3.76 0.000407443 -0.00113225 0.00034975 0.858404
3.77 0.000403081 -0.00112009 0.000345997 0.858379
3.78 0.000398766 -0.00110806 0.000342283 0.858355
3.79 0.000394497 -0.00109616 0.000338609 0.858332
3.8 0.000390273 -0.00108439 0.000334975 0.85831
3.81 0.000386093 -0.00107275 0.00033138 0.85829
3.82 0.000381958 -0.00106123 0.000327823 0.85827
3.83 0.000377867 -0.00104983 0.000324305 0.858251
3.84 0.000373819 -0.00103855 0.000320824 0.858234
3.85 0.000369814 -0.0010274 0.000317381 0.858217
3.86 0.000365852 -0.00101636 0.000313975 0.858202
3.87 0.000361932 -0.00100545 0.000310605 0.858187
3.88 0.000358053 -0.000994648 0.000307272 0.858173
3.89 0.000354216 -0.000983964 0.000303974 0.858161
3.9 0.000350419 -0.000973394 0.000300712 0.858149
3.91 0.000346663 -0.000962938 0.000297485 0.858138
3.92 0.000342947 -0.000952594 0.000294292 0.858129
3.93 0.00033927 -0.000942361 0.000291134 0.85812
3.94 0.000335632 -0.000932238 0.00028801 0.858112
3.95 0.000332033 -0.000922223 0.000284919 0.858105
3.96 0.000328472 -0.000912315 0.000281861 0.858098
3.97 0.000324949 -0.000902514 0.000278837 0.858093
3.98 0.000321464 -0.000892818 0.000275845 0.858089
3.99 0.000318016 -0.000883226 0.000272884 0.858085
4.0 0.000314604 -0.000873737 0.000269956 0.858082
4.01 0.000311229 -0.000864349 0.000267059 0.858081
4.02 0.00030789 -0.000855063 0.000264194 0.85808
4.03 0.000304586 -0.000845875 0.000261359 0.858079
4.04 0.000301318 -0.000836787 0.000258555 0.85808
4.05 0.000298084 -0.000827796 0.00025578 0.858081
4.06 0.000294885 -0.000818902 0.000253036 0.858084
4.07 0.00029172 -0.000810103 0.000250321 0.858086
4.08 0.000288588 -0.000801398 0.000247635 0.85809
4.09 0.000285491 -0.000792787 0.000244978 0.858095
4.1 0.000282426 -0.000784268 0.00024235 0.8581
4.11 0.000279394 -0.000775841 0.000239749 0.858106
4.12 0.000276394 -0.000767504 0.000237177 0.858113
4.13 0.000273426 -0.000759257 0.000234633 0.85812
4.14 0.00027049 -0.000751098 0.000232115 0.858128
4.15 0.000267586 -0.000743027 0.000229625 0.858137
4.16 0.000264712 -0.000735043 0.000227162 0.858147
4.17 0.000261869 -0.000727144 0.000224725 0.858157
4.18 0.000259056 -0.000719331 0.000222314 0.858168
4.19 0.000256274 -0.000711601 0.000219929 0.85818
4.2 0.000253521 -0.000703954 0.00021757 0.858192
4.21 0.000250798 -0.000696389 0.000215236 0.858206
4.22 0.000248104 -0.000688906 0.000212927 0.858219
4.23 0.000245438 -0.000681503 0.000210643 0.858234
4.24 0.000242801 -0.000674179 0.000208384 0.858249
4.25 0.000240193 -0.000666934 0.000206149 0.858264
4.26 0.000237612 -0.000659767 0.000203938 0.85828
4.27 0.000235059 -0.000652677 0.00020175 0.858297
4.28 0.000232533 -0.000645663 0.000199586 0.858315
4.29 0.000230034 -0.000638725 0.000197446 0.858333
4.3 0.000227562 -0.000631861 0.000195328 0.858352
4.31 0.000225116 -0.000625071 0.000193233 0.858371
4.32 0.000222697 -0.000618354 0.000191161 0.858391
4.33 0.000220303 -0.000611709 0.000189111 0.858411
4.34 0.000217935 -0.000605136 0.000187083 0.858432
4.35 0.000215593 -0.000598633 0.000185076 0.858454
4.36 0.000213275 -0.0005922 0.000183092 0.858476
4.37 0.000210983 -0.000585836 0.000181128 0.858499
4.38 0.000208715 -0.00057954 0.000179186 0.858522
4.39 0.000206471 -0.000573313 0.000177265 0.858546
4.4 0.000204251 -0.000567152 0.000175364 0.85857
4.41 0.000202055 -0.000561057 0.000173484 0.858595
4.42 0.000199883 -0.000555028 0.000171623 0.85862
4.43 0.000197734 -0.000549064 0.000169783 0.858646
4.44 0.000195608 -0.000543164 0.000167963 0.858673
4.45 0.000193504 -0.000537328 0.000166162 0.8587
4.46 0.000191424 -0.000531554 0.000164381 0.858727
4.47 0.000189365 -0.000525842 0.000162618 0.858755
4.48 0.000187329 -0.000520192 0.000160875 0.858783
4.49 0.000185314 -0.000514602 0.00015915 0.858812
4.5 0.000183322 -0.000509072 0.000157444 0.858842
4.51 0.00018135 -0.000503602 0.000155756 0.858872
4.52 0.0001794 -0.000498191 0.000154087 0.858902
4.53 0.00017747 -0.000492838 0.000152435 0.858933
4.54 0.000175562 -0.000487543 0.000150801 0.858964
4.55 0.000173674 -0.000482304 0.000149185 0.858996
4.56 0.000171806 -0.000477122 0.000147586 0.859028
4.57 0.000169958 -0.000471996 0.000146004 0.85906
4.58 0.00016813 -0.000466925 0.000144439 0.859093
4.59 0.000166321 -0.000461908 0.000142891 0.859127
4.6 0.000164532 -0.000456945 0.00014136 0.859161
4.61 0.000162762 -0.000452036 0.000139845 0.859195
4.62 0.000161012 -0.000447179 0.000138346 0.859229
4.63 0.00015928 -0.000442375 0.000136863 0.859265
4.64 0.000157566 -0.000437622 0.000135397 0.8593
4.65 0.000155871 -0.000432921 0.000133946 0.859336
4.66 0.000154195 -0.00042827 0.000132511 0.859372
4.67 0.000152536 -0.000423669 0.000131091 0.859409
4.68 0.000150895 -0.000419117 0.000129686 0.859446
4.69 0.000149272 -0.000414615 0.000128297 0.859484
4.7 0.000147666 -0.000410161 0.000126922 0.859521
4.71 0.000146077 -0.000405755 0.000125562 0.85956
4.72 0.000144506 -0.000401396 0.000124217 0.859598
4.73 0.000142951 -0.000397084 0.000122886 0.859637
4.74 0.000141413 -0.000392819 0.00012157 0.859676
4.75 0.000139892 -0.000388599 0.000120267 0.859716
4.76 0.000138387 -0.000384425 0.000118979 0.859756
4.77 0.000136898 -0.000380296 0.000117704 0.859797
4.78 0.000135425 -0.000376211 0.000116443 0.859837
4.79 0.000133968 -0.00037217 0.000115196 0.859878
4.8 0.000132527 -0.000368173 0.000113962 0.85992
4.81 0.000131101 -0.000364219 0.000112742 0.859962
4.82 0.00012969 -0.000360307 0.000111534 0.860004
4.83 0.000128295 -0.000356437 0.00011034 0.860046
4.84 0.000126915 -0.000352609 0.000109158 0.860089
4.85 0.000125549 -0.000348822 0.000107989 0.860132
4.86 0.000124198 -0.000345076 0.000106832 0.860175
4.87 0.000122862 -0.00034137 0.000105688 0.860219
4.88 0.00012154 -0.000337704 0.000104556 0.860263
4.89 0.000120232 -0.000334077 0.000103437 0.860307
4.9 0.000118939 -0.00033049 0.000102329 0.860352
4.91 0.000117659 -0.000326941 0.000101234 0.860397
4.92 0.000116393 -0.00032343 0.00010015 0.860442
4.93 0.000115141 -0.000319957 9.90773e-05 0.860487
4.94 0.000113902 -0.000316522 9.80165e-05 0.860533
4.95 0.000112677 -0.000313123 9.69671e-05 0.860579
4.96 0.000111464 -0.000309761 9.5929e-05 0.860625
4.97 0.000110265 -0.000306435 9.4902e-05 0.860672
4.98 0.000109079 -0.000303145 9.3886e-05 0.860719
4.99 0.000107905 -0.00029989 9.2881e-05 0.860766
5.0 0.000106744 -0.00029667 9.18867e-05 0.860813
5.01 0.000105596 -0.000293485 9.09031e-05 0.860861
5.02 0.00010446 -0.000290335 8.99301e-05 0.860909
5.03 0.000103336 -0.000287218 8.89675e-05 0.860957
5.04 0.000102224 -0.000284134 8.80153e-05 0.861005
5.05 0.000101124 -0.000281084 8.70733e-05 0.861054
5.06 0.000100036 -0.000278067 8.61414e-05 0.861103
5.07 9.89598e-05 -0.000275082 8.52195e-05 0.861152
5.08 9.78951e-05 -0.000272129 8.43075e-05 0.861202
5.09 9.68419e-05 -0.000269208 8.34052e-05 0.861251
5.1 9.58001e-05 -0.000266318 8.25127e-05 0.861301
5.11 9.47694e-05 -0.00026346 8.16297e-05 0.861351
5.12 9.37498e-05 -0.000260632 8.07563e-05 0.861402
5.13 9.27412e-05 -0.000257835 7.98922e-05 0.861452
5.14 9.17435e-05 -0.000255068 7.90373e-05 0.861503
5.15 9.07565e-05 -0.00025233 7.81917e-05 0.861554
5.16 8.97802e-05 -0.000249622 7.73551e-05 0.861606
5.17 8.88143e-05 -0.000246943 7.65275e-05 0.861657
5.18 8.78589e-05 -0.000244293 7.57088e-05 0.861709
5.19 8.69138e-05 -0.000241671 7.48989e-05 0.861761
5.2 8.59788e-05 -0.000239078 7.40976e-05 0.861813
5.21 8.50539e-05 -0.000236513 7.3305e-05 0.861865
5.22 8.41389e-05 -0.000233975 7.25208e-05 0.861918
5.23 8.32338e-05 -0.000231464 7.17451e-05 0.86197
5.24 8.23385e-05 -0.000228981 7.09777e-05 0.862023
5.25 8.14528e-05 -0.000226524 7.02185e-05 0.862077
5.26 8.05766e-05 -0.000224093 6.94675e-05 0.86213
5.27 7.97099e-05 -0.000221689 6.87246e-05 0.862183
5.28 7.88525e-05 -0.000219311 6.79896e-05 0.862237
5.29 7.80044e-05 -0.000216958 6.72625e-05 0.862291
5.3 7.71653e-05 -0.00021463 6.65431e-05 0.862345
5.31 7.63353e-05 -0.000212328 6.58316e-05 0.862399
5.32 7.55143e-05 -0.00021005 6.51276e-05 0.862454
5.33 7.47021e-05 -0.000207797 6.44312e-05 0.862509
5.34 7.38986e-05 -0.000205568 6.37423e-05 0.862563
5.35 7.31038e-05 -0.000203363 6.30607e-05 0.862618
5.36 7.23176e-05 -0.000201182 6.23865e-05 0.862674
5.37 7.15398e-05 -0.000199024 6.17195e-05 0.862729
5.38 7.07704e-05 -0.000196889 6.10596e-05 0.862784
5.39 7.00093e-05 -0.000194777 6.04069e-05 0.86284
5.4 6.92564e-05 -0.000192688 5.97611e-05 0.862896
5.41 6.85116e-05 -0.000190622 5.91222e-05 0.862952
5.42 6.77749e-05 -0.000188578 5.84903e-05 0.863008
5.43 6.7046e-05 -0.000186555 5.7865e-05 0.863064
5.44 6.6325e-05 -0.000184555 5.72465e-05 0.863121
5.45 6.56118e-05 -0.000182576 5.66346e-05 0.863177
5.46 6.49063e-05 -0.000180618 5.60293e-05 0.863234
5.47 6.42083e-05 -0.000178681 5.54305e-05 0.863291
5.48 6.35179e-05 -0.000176766 5.48381e-05 0.863348
5.49 6.2835e-05 -0.00017487 5.4252e-05 0.863406
5.5 6.21593e-05 -0.000172995 5.36723e-05 0.863463
5.51 6.1491e-05 -0.000171141 5.30987e-05 0.86352
5.52 6.08298e-05 -0.000169306 5.25313e-05 0.863578
5.53 6.01758e-05 -0.000167491 5.197e-05 0.863636
5.54 5.95288e-05 -0.000165695 5.14147e-05 0.863694
5.55 5.88888e-05 -0.000163919 5.08653e-05 0.863752
5.56 5.82557e-05 -0.000162162 5.03219e-05 0.86381
5.57 5.76294e-05 -0.000160424 4.97842e-05 0.863868
5.58 5.70099e-05 -0.000158704 4.92524e-05 0.863927
5.59 5.6397e-05 -0.000157003 4.87262e-05 0.863985
5.6 5.57907e-05 -0.00015532 4.82057e-05 0.864044
5.61 5.5191e-05 -0.000153655 4.76907e-05 0.864103
5.62 5.45977e-05 -0.000152009 4.71813e-05 0.864162
5.63 5.40108e-05 -0.000150379 4.66773e-05 0.864221
5.64 5.34303e-05 -0.000148768 4.61787e-05 0.86428
5.65 5.28559e-05 -0.000147174 4.56855e-05 0.86434
5.66 5.22878e-05 -0.000145596 4.51975e-05 0.864399
5.67 5.17258e-05 -0.000144036 4.47148e-05 0.864459
5.68 5.11699e-05 -0.000142493 4.42373e-05 0.864518
5.69 5.06199e-05 -0.000140966 4.37649e-05 0.864578
5.7 5.00759e-05 -0.000139456 4.32975e-05 0.864638
5.71 4.95377e-05 -0.000137961 4.28351e-05 0.864698
5.72 4.90053e-05 -0.000136483 4.23777e-05 0.864758
5.73 4.84787e-05 -0.000135021 4.19252e-05 0.864818
5.74 4.79577e-05 -0.000133574 4.14776e-05 0.864878
5.75 4.74423e-05 -0.000132143 4.10347e-05 0.864939
5.76 4.69325e-05 -0.000130728 4.05966e-05 0.864999
5.77 4.64282e-05 -0.000129327 4.01632e-05 0.86506
5.78 4.59293e-05 -0.000127942 3.97344e-05 0.865121
5.79 4.54358e-05 -0.000126572 3.93102e-05 0.865182
5.8 4.49476e-05 -0.000125216 3.88906e-05 0.865242
5.81 4.44647e-05 -0.000123875 3.84754e-05 0.865303
5.82 4.39869e-05 -0.000122548 3.80647e-05 0.865365
5.83 4.35143e-05 -0.000121235 3.76584e-05 0.865426
5.84 4.30468e-05 -0.000119937 3.72565e-05 0.865487
5.85 4.25844e-05 -0.000118653 3.68588e-05 0.865548
5.86 4.21269e-05 -0.000117382 3.64654e-05 0.86561
5.87 4.16743e-05 -0.000116125 3.60763e-05 0.865671
5.88 4.12266e-05 -0.000114881 3.56913e-05 0.865733
5.89 4.07838e-05 -0.000113651 3.53104e-05 0.865795
5.9 4.03457e-05 -0.000112434 3.49336e-05 0.865856
5.91 3.99123e-05 -0.000111231 3.45608e-05 0.865918
5.92 3.94836e-05 -0.00011004 3.4192e-05 0.86598
5.93 3.90595e-05 -0.000108861 3.38272e-05 0.866042
5.94 3.864e-05 -0.000107696 3.34663e-05 0.866104
5.95 3.8225e-05 -0.000106543 3.31092e-05 0.866167
5.96 3.78144e-05 -0.000105402 3.2756e-05 0.866229
5.97 3.74083e-05 -0.000104274 3.24065e-05 0.866291
5.98 3.70066e-05 -0.000103158 3.20608e-05 0.866354
5.99 3.66092e-05 -0.000102054 3.17188e-05 0.866416
6.0 3.6216e-05 -0.000100961 3.13804e-05 0.866479
6.01 3.58271e-05 -9.98807e-05 3.10457e-05 0.866541
6.02 3.54424e-05 -9.88116e-05 3.07145e-05 0.866604
6.03 3.50618e-05 -9.77541e-05 3.03869e-05 0.866667
6.04 3.46854e-05 -9.67079e-05 3.00628e-05 0.866729
6.05 3.43129e-05 -9.56729e-05 2.97422e-05 0.866792
6.06 3.39445e-05 -9.46491e-05 2.9425e-05 0.866855
6.07 3.35801e-05 -9.36362e-05 2.91112e-05 0.866918
6.08 3.32196e-05 -9.26342e-05 2.88007e-05 0.866981
6.09 3.28629e-05 -9.1643e-05 2.84936e-05 0.867044
6.1 3.25101e-05 -9.06624e-05 2.81898e-05 0.867108
6.11 3.21611e-05 -8.96923e-05 2.78892e-05 0.867171
6.12 3.18159e-05 -8.87327e-05 2.75918e-05 0.867234
6.13 3.14743e-05 -8.77834e-05 2.72976e-05 0.867298
6.14 3.11365e-05 -8.68442e-05 2.70066e-05 0.867361
6.15 3.08023e-05 -8.59151e-05 2.67186e-05 0.867424
6.16 3.04717e-05 -8.4996e-05 2.64338e-05 0.867488
6.17 3.01446e-05 -8.40868e-05 2.6152e-05 0.867551
6.18 2.98211e-05 -8.31873e-05 2.58732e-05 0.867615
6.19 2.9501e-05 -8.22975e-05 2.55974e-05 0.867679
6.2 2.91844e-05 -8.14172e-05 2.53245e-05 0.867742
6.21 2.88712e-05 -8.05464e-05 2.50546e-05 0.867806
6.22 2.85614e-05 -7.96849e-05 2.47876e-05 0.86787
6.23 2.82549e-05 -7.88327e-05 2.45234e-05 0.867934
6.24 2.79517e-05 -7.79896e-05 2.4262e-05 0.867998
6.25 2.76518e-05 -7.71555e-05 2.40034e-05 0.868062
6.26 2.7355e-05 -7.63305e-05 2.37476e-05 0.868126
6.27 2.70615e-05 -7.55142e-05 2.34945e-05 0.86819
6.28 2.67712e-05 -7.47067e-05 2.32442e-05 0.868254
6.29 2.6484e-05 -7.39079e-05 2.29965e-05 0.868318
6.3 2.61998e-05 -7.31177e-05 2.27515e-05 0.868382
6.31 2.59187e-05 -7.23359e-05 2.2509e-05 0.868446
6.32 2.56407e-05 -7.15625e-05 2.22692e-05 0.868511
6.33 2.53656e-05 -7.07974e-05 2.20319e-05 0.868575
6.34 2.50935e-05 -7.00405e-05 2.17972e-05 0.868639
6.35 2.48243e-05 -6.92918e-05 2.1565e-05 0.868704
6.36 2.45581e-05 -6.85511e-05 2.13353e-05 0.868768
6.37 2.42947e-05 -6.78183e-05 2.1108e-05 0.868832
6.38 2.40341e-05 -6.70933e-05 2.08831e-05 0.868897
6.39 2.37763e-05 -6.63762e-05 2.06607e-05 0.868961
6.4 2.35213e-05 -6.56667e-05 2.04406e-05 0.869026
6.41 2.3269e-05 -6.49649e-05 2.02229e-05 0.86909
6.42 2.30195e-05 -6.42706e-05 2.00075e-05 0.869155
6.43 2.27726e-05 -6.35837e-05 1.97944e-05 0.869219
6.44 2.25284e-05 -6.29042e-05 1.95836e-05 0.869284
6.45 2.22869e-05 -6.2232e-05 1.9375e-05 0.869349
6.46 2.20479e-05 -6.15669e-05 1.91687e-05 0.869413
6.47 2.18115e-05 -6.09091e-05 1.89646e-05 0.869478
6.48 2.15776e-05 -6.02582e-05 1.87627e-05 0.869543
6.49 2.13463e-05 -5.96144e-05 1.85629e-05 0.869608
6.5 2.11174e-05 -5.89774e-05 1.83652e-05 0.869672
6.51 2.0891e-05 -5.83473e-05 1.81697e-05 0.869737
6.52 2.0667e-05 -5.77239e-05 1.79762e-05 0.869802
6.53 2.04455e-05 -5.71073e-05 1.77848e-05 0.869867
6.54 2.02263e-05 -5.64972e-05 1.75955e-05 0.869932
6.55 2.00095e-05 -5.58937e-05 1.74082e-05 0.869997
6.56 1.9795e-05 -5.52966e-05 1.72229e-05 0.870062
6.57 1.95828e-05 -5.47059e-05 1.70395e-05 0.870127
6.58 1.93729e-05 -5.41216e-05 1.68582e-05 0.870192
6.59 1.91653e-05 -5.35435e-05 1.66787e-05 0.870256
6.6 1.89599e-05 -5.29717e-05 1.65012e-05 0.870321
6.61 1.87567e-05 -5.24059e-05 1.63256e-05 0.870386
6.62 1.85557e-05 -5.18462e-05 1.61518e-05 0.870452
6.63 1.83568e-05 -5.12926e-05 1.59799e-05 0.870517
6.64 1.81601e-05 -5.07448e-05 1.58099e-05 0.870582
6.65 1.79655e-05 -5.02029e-05 1.56416e-05 0.870647
6.66 1.7773e-05 -4.96669e-05 1.54752e-05 0.870712
6.67 1.75826e-05 -4.91365e-05 1.53105e-05 0.870777
6.68 1.73942e-05 -4.86119e-05 1.51476e-05 0.870842
6.69 1.72078e-05 -4.80929e-05 1.49864e-05 0.870907
6.7 1.70235e-05 -4.75794e-05 1.4827e-05 0.870972
6.71 1.68411e-05 -4.70714e-05 1.46692e-05 0.871037
6.72 1.66607e-05 -4.65689e-05 1.45131e-05 0.871103
6.73 1.64822e-05 -4.60718e-05 1.43587e-05 0.871168
6.74 1.63056e-05 -4.558e-05 1.4206e-05 0.871233
6.75 1.6131e-05 -4.50934e-05 1.40549e-05 0.871298
6.76 1.59582e-05 -4.46121e-05 1.39054e-05 0.871363
6.77 1.57872e-05 -4.41359e-05 1.37574e-05 0.871428
6.78 1.56181e-05 -4.36648e-05 1.36111e-05 0.871494
6.79 1.54509e-05 -4.31988e-05 1.34663e-05 0.871559
6.8 1.52854e-05 -4.27378e-05 1.33231e-05 0.871624
6.81 1.51217e-05 -4.22817e-05 1.31814e-05 0.871689
6.82 1.49598e-05 -4.18305e-05 1.30412e-05 0.871754
6.83 1.47996e-05 -4.13841e-05 1.29025e-05 0.87182
6.84 1.46411e-05 -4.09425e-05 1.27653e-05 0.871885
6.85 1.44843e-05 -4.05056e-05 1.26296e-05 0.87195
6.86 1.43292e-05 -4.00734e-05 1.24953e-05 0.872015
6.87 1.41758e-05 -3.96458e-05 1.23624e-05 0.872081
6.88 1.4024e-05 -3.92228e-05 1.2231e-05 0.872146
6.89 1.38739e-05 -3.88044e-05 1.21009e-05 0.872211
6.9 1.37253e-05 -3.83904e-05 1.19723e-05 0.872276
6.91 1.35784e-05 -3.79808e-05 1.1845e-05 0.872342
6.92 1.3433e-05 -3.75757e-05 1.17191e-05 0.872407
6.93 1.32892e-05 -3.71748e-05 1.15945e-05 0.872472
6.94 1.3147e-05 -3.67783e-05 1.14712e-05 0.872537
6.95 1.30063e-05 -3.6386e-05 1.13493e-05 0.872603
6.96 1.2867e-05 -3.59979e-05 1.12287e-05 0.872668
6.97 1.27293e-05 -3.5614e-05 1.11093e-05 0.872733
6.98 1.25931e-05 -3.52341e-05 1.09912e-05 0.872798
6.99 1.24583e-05 -3.48584e-05 1.08744e-05 0.872863
7.0 1.2325e-05 -3.44866e-05 1.07588e-05 0.872929
7.01 1.21931e-05 -3.41188e-05 1.06445e-05 0.872994
7.02 1.20626e-05 -3.3755e-05 1.05314e-05 0.873059
7.03 1.19335e-05 -3.33951e-05 1.04195e-05 0.873124
7.04 1.18058e-05 -3.3039e-05 1.03087e-05 0.87319
7.05 1.16795e-05 -3.26867e-05 1.01992e-05 0.873255
7.06 1.15545e-05 -3.23382e-05 1.00908e-05 0.87332
7.07 1.14309e-05 -3.19934e-05 9.9836e-06 0.873385
7.08 1.13086e-05 -3.16523e-05 9.87752e-06 0.87345
7.09 1.11876e-05 -3.13149e-05 9.77258e-06 0.873515
7.1 1.1068e-05 -3.09811e-05 9.66875e-06 0.873581
7.11 1.09496e-05 -3.06508e-05 9.56603e-06 0.873646
7.12 1.08324e-05 -3.03241e-05 9.46441e-06 0.873711
7.13 1.07166e-05 -3.00008e-05 9.36387e-06 0.873776
7.14 1.06019e-05 -2.96811e-05 9.2644e-06 0.873841
7.15 1.04885e-05 -2.93647e-05 9.16599e-06 0.873906
7.16 1.03763e-05 -2.90517e-05 9.06863e-06 0.873971
7.17 1.02654e-05 -2.87421e-05 8.97231e-06 0.874036
7.18 1.01556e-05 -2.84358e-05 8.87701e-06 0.874101
7.19 1.0047e-05 -2.81328e-05 8.78273e-06 0.874167
7.2 9.93954e-06 -2.7833e-05 8.68946e-06 0.874232
7.21 9.83325e-06 -2.75364e-05 8.59718e-06 0.874297
7.22 9.7281e-06 -2.7243e-05 8.50588e-06 0.874362
7.23 9.62408e-06 -2.69527e-05 8.41555e-06 0.874427
7.24 9.52118e-06 -2.66655e-05 8.32619e-06 0.874492
7.25 9.41938e-06 -2.63814e-05 8.23778e-06 0.874557
7.26 9.31867e-06 -2.61003e-05 8.15031e-06 0.874622
7.27 9.21904e-06 -2.58223e-05 8.06377e-06 0.874687
7.28 9.12048e-06 -2.55472e-05 7.97816e-06 0.874752
7.29 9.02298e-06 -2.5275e-05 7.89346e-06 0.874816
7.3 8.92653e-06 -2.50058e-05 7.80965e-06 0.874881
7.31 8.83111e-06 -2.47394e-05 7.72675e-06 0.874946
7.32 8.73671e-06 -2.44759e-05 7.64472e-06 0.875011
7.33 8.64333e-06 -2.42152e-05 7.56357e-06 0.875076
7.34 8.55095e-06 -2.39573e-05 7.48328e-06 0.875141
7.35 8.45956e-06 -2.37022e-05 7.40385e-06 0.875206
7.36 8.36915e-06 -2.34497e-05 7.32527e-06 0.87527
7.37 8.2797e-06 -2.32e-05 7.24752e-06 0.875335
7.38 8.19122e-06 -2.29529e-05 7.1706e-06 0.8754
7.39 8.10369e-06 -2.27085e-05 7.09449e-06 0.875465
7.4 8.0171e-06 -2.24667e-05 7.0192e-06 0.87553
7.41 7.93143e-06 -2.22275e-05 6.94471e-06 0.875594
7.42 7.84668e-06 -2.19908e-05 6.87102e-06 0.875659
7.43 7.76284e-06 -2.17567e-05 6.79811e-06 0.875724
7.44 7.6799e-06 -2.1525e-05 6.72597e-06 0.875788
7.45 7.59785e-06 -2.12959e-05 6.6546e-06 0.875853
7.46 7.51668e-06 -2.10692e-05 6.584e-06 0.875918
7.47 7.43638e-06 -2.08449e-05 6.51414e-06 0.875982
7.48 7.35694e-06 -2.0623e-05 6.44503e-06 0.876047
7.49 7.27836e-06 -2.04034e-05 6.37665e-06 0.876111
7.5 7.20061e-06 -2.01863e-05 6.309e-06 0.876176
7.51 7.1237e-06 -1.99714e-05 6.24207e-06 0.87624
7.52 7.04761e-06 -1.97588e-05 6.17586e-06 0.876305
7.53 6.97234e-06 -1.95485e-05 6.11034e-06 0.876369
7.54 6.89788e-06 -1.93405e-05 6.04553e-06 0.876434
7.55 6.82421e-06 -1.91346e-05 5.98141e-06 0.876498
7.56 6.75133e-06 -1.8931e-05 5.91796e-06 0.876562
7.57 6.67923e-06 -1.87296e-05 5.8552e-06 0.876627
7.58 6.60791e-06 -1.85303e-05 5.7931e-06 0.876691
7.59 6.53735e-06 -1.83331e-05 5.73166e-06 0.876755
7.6 6.46755e-06 -1.8138e-05 5.67087e-06 0.87682
7.61 6.39849e-06 -1.7945e-05 5.61074e-06 0.876884
7.62 6.33018e-06 -1.77541e-05 5.55124e-06 0.876948
7.63 6.26259e-06 -1.75652e-05 5.49237e-06 0.877013
7.64 6.19574e-06 -1.73783e-05 5.43414e-06 0.877077
7.65 6.12959e-06 -1.71934e-05 5.37652e-06 0.877141
7.66 6.06416e-06 -1.70105e-05 5.31951e-06 0.877205
7.67 5.99942e-06 -1.68296e-05 5.26311e-06 0.877269
7.68 5.93538e-06 -1.66506e-05 5.20731e-06 0.877333
7.69 5.87203e-06 -1.64735e-05 5.1521e-06 0.877397
7.7 5.80936e-06 -1.62982e-05 5.09749e-06 0.877461
7.71 5.74735e-06 -1.61249e-05 5.04345e-06 0.877525
7.72 5.68601e-06 -1.59534e-05 4.98998e-06 0.877589
7.73 5.62533e-06 -1.57837e-05 4.93709e-06 0.877653
7.74 5.5653e-06 -1.56159e-05 4.88476e-06 0.877717
7.75 5.50591e-06 -1.54498e-05 4.83298e-06 0.877781
7.76 5.44715e-06 -1.52855e-05 4.78176e-06 0.877845
7.77 5.38903e-06 -1.5123e-05 4.73108e-06 0.877909
7.78 5.33153e-06 -1.49622e-05 4.68094e-06 0.877973
7.79 5.27464e-06 -1.48031e-05 4.63133e-06 0.878037
7.8 5.21836e-06 -1.46457e-05 4.58225e-06 0.8781
7.81 5.16269e-06 -1.449e-05 4.53369e-06 0.878164
7.82 5.10761e-06 -1.43359e-05 4.48564e-06 0.878228
7.83 5.05312e-06 -1.41835e-05 4.43811e-06 0.878291
7.84 4.99922e-06 -1.40327e-05 4.39109e-06 0.878355
7.85 4.94589e-06 -1.38835e-05 4.34456e-06 0.878419
7.86 4.89313e-06 -1.3736e-05 4.29853e-06 0.878482
7.87 4.84094e-06 -1.35899e-05 4.25298e-06 0.878546
7.88 4.7893e-06 -1.34455e-05 4.20793e-06 0.878609
7.89 4.73822e-06 -1.33026e-05 4.16335e-06 0.878673
7.9 4.68769e-06 -1.31612e-05 4.11924e-06 0.878736
7.91 4.63769e-06 -1.30213e-05 4.0756e-06 0.8788
7.92 4.58823e-06 -1.28829e-05 4.03243e-06 0.878863
7.93 4.53931e-06 -1.2746e-05 3.98972e-06 0.878926
7.94 4.4909e-06 -1.26106e-05 3.94746e-06 0.87899
7.95 4.44301e-06 -1.24766e-05 3.90564e-06 0.879053
7.96 4.39564e-06 -1.2344e-05 3.86428e-06 0.879116
7.97 4.34877e-06 -1.22128e-05 3.82335e-06 0.87918
7.98 4.3024e-06 -1.2083e-05 3.78286e-06 0.879243
7.99 4.25653e-06 -1.19547e-05 3.74279e-06 0.879306
8.0 4.21115e-06 -1.18276e-05 3.70316e-06 0.879369
8.01 4.16626e-06 -1.1702e-05 3.66394e-06 0.879432
8.02 4.12184e-06 -1.15777e-05 3.62514e-06 0.879495
8.03 4.0779e-06 -1.14547e-05 3.58676e-06 0.879558
8.04 4.03444e-06 -1.1333e-05 3.54878e-06 0.879621
8.05 3.99143e-06 -1.12126e-05 3.5112e-06 0.879684
8.06 3.94889e-06 -1.10935e-05 3.47402e-06 0.879747
8.07 3.9068e-06 -1.09757e-05 3.43724e-06 0.87981
8.08 3.86516e-06 -1.08591e-05 3.40085e-06 0.879873
8.09 3.82397e-06 -1.07437e-05 3.36485e-06 0.879936
8.1 3.78322e-06 -1.06296e-05 3.32923e-06 0.879999
8.11 3.7429e-06 -1.05168e-05 3.29398e-06 0.880062
8.12 3.70301e-06 -1.04051e-05 3.25911e-06 0.880124
8.13 3.66355e-06 -1.02946e-05 3.22461e-06 0.880187
8.14 3.62452e-06 -1.01852e-05 3.19048e-06 0.88025
8.15 3.5859e-06 -1.00771e-05 3.15671e-06 0.880312
8.16 3.54769e-06 -9.97009e-06 3.1233e-06 0.880375
8.17 3.50989e-06 -9.86423e-06 3.09024e-06 0.880438
8.18 3.4725e-06 -9.75949e-06 3.05754e-06 0.8805
8.19 3.43551e-06 -9.65587e-06 3.02518e-06 0.880563
8.2 3.39891e-06 -9.55336e-06 2.99316e-06 0.880625
8.21 3.3627e-06 -9.45193e-06 2.96149e-06 0.880687
8.22 3.32688e-06 -9.35159e-06 2.93015e-06 0.88075
8.23 3.29144e-06 -9.25232e-06 2.89914e-06 0.880812
8.24 3.25638e-06 -9.1541e-06 2.86846e-06 0.880875
8.25 3.2217e-06 -9.05693e-06 2.83811e-06 0.880937
8.26 3.18739e-06 -8.9608e-06 2.80808e-06 0.880999
8.27 3.15344e-06 -8.86568e-06 2.77837e-06 0.881061
8.28 3.11986e-06 -8.77159e-06 2.74898e-06 0.881123
8.29 3.08663e-06 -8.67849e-06 2.7199e-06 0.881186
8.3 3.05376e-06 -8.58638e-06 2.69112e-06 0.881248
8.31 3.02124e-06 -8.49526e-06 2.66265e-06 0.88131
8.32 2.98907e-06 -8.40511e-06 2.63448e-06 0.881372
8.33 2.95725e-06 -8.31591e-06 2.60662e-06 0.881434
8.34 2.92576e-06 -8.22767e-06 2.57904e-06 0.881496
8.35 2.89461e-06 -8.14036e-06 2.55176e-06 0.881558
8.36 2.86379e-06 -8.05399e-06 2.52477e-06 0.88162
8.37 2.8333e-06 -7.96853e-06 2.49807e-06 0.881681
8.38 2.80314e-06 -7.88399e-06 2.47165e-06 0.881743
8.39 2.7733e-06 -7.80034e-06 2.44551e-06 0.881805
8.4 2.74378e-06 -7.71758e-06 2.41965e-06 0.881867
8.41 2.71457e-06 -7.63571e-06 2.39406e-06 0.881928
8.42 2.68568e-06 -7.55471e-06 2.36874e-06 0.88199
8.43 2.65709e-06 -7.47457e-06 2.34369e-06 0.882052
8.44 2.62881e-06 -7.39528e-06 2.31891e-06 0.882113
8.45 2.60083e-06 -7.31684e-06 2.29439e-06 0.882175
8.46 2.57315e-06 -7.23923e-06 2.27013e-06 0.882236
8.47 2.54577e-06 -7.16244e-06 2.24613e-06 0.882298
8.48 2.51868e-06 -7.08648e-06 2.22238e-06 0.882359
8.49 2.49188e-06 -7.01132e-06 2.19888e-06 0.882421
8.5 2.46536e-06 -6.93696e-06 2.17564e-06 0.882482
8.51 2.43913e-06 -6.86339e-06 2.15264e-06 0.882543
8.52 2.41317e-06 -6.79061e-06 2.12988e-06 0.882604
8.53 2.3875e-06 -6.7186e-06 2.10736e-06 0.882666
8.54 2.3621e-06 -6.64736e-06 2.08509e-06 0.882727
8.55 2.33697e-06 -6.57687e-06 2.06305e-06 0.882788
8.56 2.31211e-06 -6.50714e-06 2.04124e-06 0.882849
8.57 2.28751e-06 -6.43814e-06 2.01967e-06 0.88291
8.58 2.26318e-06 -6.36988e-06 1.99832e-06 0.882971
8.59 2.2391e-06 -6.30235e-06 1.9772e-06 0.883032
8.6 2.21528e-06 -6.23554e-06 1.9563e-06 0.883093
8.61 2.19172e-06 -6.16943e-06 1.93563e-06 0.883154
8.62 2.16841e-06 -6.10403e-06 1.91517e-06 0.883215
8.63 2.14535e-06 -6.03932e-06 1.89493e-06 0.883276
8.64 2.12253e-06 -5.97531e-06 1.87491e-06 0.883337
8.65 2.09996e-06 -5.91197e-06 1.8551e-06 0.883397
8.66 2.07763e-06 -5.84931e-06 1.8355e-06 0.883458
8.67 2.05553e-06 -5.78731e-06 1.8161e-06 0.883519
8.68 2.03367e-06 -5.72597e-06 1.79691e-06 0.883579
8.69 2.01205e-06 -5.66529e-06 1.77793e-06 0.88364
8.7 1.99066e-06 -5.60525e-06 1.75914e-06 0.883701
8.71 1.96949e-06 -5.54585e-06 1.74056e-06 0.883761
8.72 1.94855e-06 -5.48708e-06 1.72217e-06 0.883821
8.73 1.92783e-06 -5.42893e-06 1.70398e-06 0.883882
8.74 1.90734e-06 -5.3714e-06 1.68598e-06 0.883942
8.75 1.88706e-06 -5.31449e-06 1.66817e-06 0.884003
8.76 1.867e-06 -5.25818e-06 1.65055e-06 0.884063
8.77 1.84715e-06 -5.20247e-06 1.63311e-06 0.884123
8.78 1.82752e-06 -5.14735e-06 1.61586e-06 0.884183
8.79 1.80809e-06 -5.09281e-06 1.5988e-06 0.884244
8.8 1.78888e-06 -5.03886e-06 1.58191e-06 0.884304
8.81 1.76986e-06 -4.98548e-06 1.5652e-06 0.884364
8.82 1.75105e-06 -4.93266e-06 1.54867e-06 0.884424
8.83 1.73244e-06 -4.88041e-06 1.53232e-06 0.884484
8.84 1.71403e-06 -4.82872e-06 1.51614e-06 0.884544
8.85 1.69582e-06 -4.77757e-06 1.50013e-06 0.884604
8.86 1.6778e-06 -4.72697e-06 1.48428e-06 0.884664
8.87 1.65997e-06 -4.6769e-06 1.46861e-06 0.884724
8.88 1.64233e-06 -4.62737e-06 1.4531e-06 0.884783
8.89 1.62488e-06 -4.57836e-06 1.43776e-06 0.884843
8.9 1.60761e-06 -4.52987e-06 1.42258e-06 0.884903
8.91 1.59053e-06 -4.4819e-06 1.40756e-06 0.884963
8.92 1.57363e-06 -4.43444e-06 1.3927e-06 0.885022
8.93 1.55692e-06 -4.38748e-06 1.378e-06 0.885082
8.94 1.54038e-06 -4.34102e-06 1.36345e-06 0.885141
8.95 1.52401e-06 -4.29505e-06 1.34906e-06 0.885201
8.96 1.50782e-06 -4.24958e-06 1.33482e-06 0.88526
8.97 1.49181e-06 -4.20458e-06 1.32073e-06 0.88532
8.98 1.47596e-06 -4.16007e-06 1.30679e-06 0.885379
8.99 1.46028e-06 -4.11602e-06 1.29299e-06 0.885439
9.0 1.44478e-06 -4.07245e-06 1.27935e-06 0.885498
9.01 1.42943e-06 -4.02934e-06 1.26584e-06 0.885557
9.02 1.41425e-06 -3.98668e-06 1.25248e-06 0.885616
9.03 1.39923e-06 -3.94448e-06 1.23926e-06 0.885676
9.04 1.38437e-06 -3.90273e-06 1.22619e-06 0.885735
9.05 1.36967e-06 -3.86142e-06 1.21325e-06 0.885794
9.06 1.35513e-06 -3.82054e-06 1.20044e-06 0.885853
9.07 1.34074e-06 -3.78011e-06 1.18777e-06 0.885912
9.08 1.3265e-06 -3.7401e-06 1.17524e-06 0.885971
9.09 1.31242e-06 -3.70052e-06 1.16284e-06 0.88603
9.1 1.29848e-06 -3.66135e-06 1.15057e-06 0.886089
9.11 1.2847e-06 -3.6226e-06 1.13843e-06 0.886148
9.12 1.27106e-06 -3.58427e-06 1.12642e-06 0.886206
9.13 1.25756e-06 -3.54634e-06 1.11454e-06 0.886265
9.14 1.24421e-06 -3.50881e-06 1.10278e-06 0.886324
9.15 1.23101e-06 -3.47169e-06 1.09114e-06 0.886383
9.16 1.21794e-06 -3.43495e-06 1.07963e-06 0.886441
9.17 1.20501e-06 -3.39861e-06 1.06824e-06 0.8865
9.18 1.19222e-06 -3.36265e-06 1.05697e-06 0.886558
9.19 1.17957e-06 -3.32707e-06 1.04582e-06 0.886617
9.2 1.16705e-06 -3.29187e-06 1.03479e-06 0.886675
9.21 1.15466e-06 -3.25705e-06 1.02388e-06 0.886734
9.22 1.14241e-06 -3.22259e-06 1.01308e-06 0.886792
9.23 1.13029e-06 -3.1885e-06 1.00239e-06 0.88685
9.24 1.11829e-06 -3.15477e-06 9.91822e-07 0.886909
9.25 1.10642e-06 -3.1214e-06 9.81362e-07 0.886967
9.26 1.09468e-06 -3.08839e-06 9.71012e-07 0.887025
9.27 1.08307e-06 -3.05572e-06 9.60772e-07 0.887083
9.28 1.07158e-06 -3.0234e-06 9.5064e-07 0.887141
9.29 1.06021e-06 -2.99143e-06 9.40616e-07 0.887199
9.3 1.04896e-06 -2.95979e-06 9.30697e-07 0.887258
9.31 1.03783e-06 -2.92849e-06 9.20883e-07 0.887315
9.32 1.02682e-06 -2.89752e-06 9.11173e-07 0.887373
9.33 1.01593e-06 -2.86688e-06 9.01566e-07 0.887431
9.34 1.00515e-06 -2.83656e-06 8.92061e-07 0.887489
9.35 9.94489e-07 -2.80657e-06 8.82655e-07 0.887547
9.36 9.8394e-07 -2.77689e-06 8.7335e-07 0.887605
9.37 9.73503e-07 -2.74753e-06 8.64142e-07 0.887662
9.38 9.63178e-07 -2.71848e-06 8.55033e-07 0.88772
9.39 9.52962e-07 -2.68974e-06 8.46019e-07 0.887778
9.4 9.42856e-07 -2.6613e-06 8.37101e-07 0.887835
9.41 9.32856e-07 -2.63316e-06 8.28277e-07 0.887893
9.42 9.22963e-07 -2.60533e-06 8.19546e-07 0.88795
9.43 9.13176e-07 -2.57779e-06 8.10907e-07 0.888008
9.44 9.03492e-07 -2.55054e-06 8.0236e-07 0.888065
9.45 8.93912e-07 -2.52358e-06 7.93904e-07 0.888123
9.46 8.84433e-07 -2.4969e-06 7.85536e-07 0.88818
9.47 8.75056e-07 -2.47051e-06 7.77257e-07 0.888237
9.48 8.65778e-07 -2.4444e-06 7.69066e-07 0.888295
9.49 8.56599e-07 -2.41856e-06 7.60961e-07 0.888352
9.5 8.47517e-07 -2.393e-06 7.52942e-07 0.888409
9.51 8.38532e-07 -2.36771e-06 7.45007e-07 0.888466
9.52 8.29643e-07 -2.34269e-06 7.37157e-07 0.888523
9.53 8.20848e-07 -2.31793e-06 7.29389e-07 0.88858
9.54 8.12147e-07 -2.29343e-06 7.21704e-07 0.888637
9.55 8.03538e-07 -2.2692e-06 7.14099e-07 0.888694
9.56 7.95021e-07 -2.24522e-06 7.06575e-07 0.888751
9.57 7.86594e-07 -2.2215e-06 6.99131e-07 0.888808
9.58 7.78257e-07 -2.19802e-06 6.91765e-07 0.888865
9.59 7.70008e-07 -2.1748e-06 6.84477e-07 0.888921
9.6 7.61848e-07 -2.15182e-06 6.77266e-07 0.888978
9.61 7.53774e-07 -2.12909e-06 6.70131e-07 0.889035
9.62 7.45786e-07 -2.1066e-06 6.63072e-07 0.889091
9.63 7.37883e-07 -2.08434e-06 6.56087e-07 0.889148
9.64 7.30064e-07 -2.06232e-06 6.49176e-07 0.889205
9.65 7.22328e-07 -2.04054e-06 6.42338e-07 0.889261
9.66 7.14674e-07 -2.01898e-06 6.35572e-07 0.889318
9.67 7.07102e-07 -1.99766e-06 6.28878e-07 0.889374
9.68 6.9961e-07 -1.97656e-06 6.22254e-07 0.88943
9.69 6.92198e-07 -1.95568e-06 6.15701e-07 0.889487
9.7 6.84864e-07 -1.93502e-06 6.09216e-07 0.889543
9.71 6.77609e-07 -1.91459e-06 6.028e-07 0.889599
9.72 6.7043e-07 -1.89437e-06 5.96452e-07 0.889655
9.73 6.63328e-07 -1.87436e-06 5.90171e-07 0.889712
9.74 6.56302e-07 -1.85456e-06 5.83956e-07 0.889768
9.75 6.4935e-07 -1.83498e-06 5.77807e-07 0.889824
9.76 6.42472e-07 -1.8156e-06 5.71723e-07 0.88988
9.77 6.35667e-07 -1.79643e-06 5.65703e-07 0.889936
9.78 6.28934e-07 -1.77746e-06 5.59746e-07 0.889992
9.79 6.22273e-07 -1.75869e-06 5.53853e-07 0.890048
9.8 6.15683e-07 -1.74013e-06 5.48021e-07 0.890103
9.81 6.09162e-07 -1.72175e-06 5.42252e-07 0.890159
9.82 6.02711e-07 -1.70357e-06 5.36543e-07 0.890215
9.83 5.96329e-07 -1.68559e-06 5.30894e-07 0.890271
9.84 5.90014e-07 -1.66779e-06 5.25305e-07 0.890326
9.85 5.83767e-07 -1.65019e-06 5.19775e-07 0.890382
9.86 5.77585e-07 -1.63277e-06 5.14304e-07 0.890438
9.87 5.7147e-07 -1.61553e-06 5.0889e-07 0.890493
9.88 5.65419e-07 -1.59848e-06 5.03533e-07 0.890549
9.89 5.59433e-07 -1.58161e-06 4.98233e-07 0.890604
9.9 5.5351e-07 -1.56491e-06 4.92989e-07 0.890659
9.91 5.4765e-07 -1.54839e-06 4.878e-07 0.890715
9.92 5.41853e-07 -1.53205e-06 4.82666e-07 0.89077
9.93 5.36117e-07 -1.51588e-06 4.77586e-07 0.890825
9.94 5.30442e-07 -1.49988e-06 4.7256e-07 0.890881
9.95 5.24827e-07 -1.48406e-06 4.67587e-07 0.890936
9.96 5.19272e-07 -1.46839e-06 4.62666e-07 0.890991
9.97 5.13775e-07 -1.4529e-06 4.57798e-07 0.891046
9.98 5.08338e-07 -1.43757e-06 4.5298e-07 0.891101
9.99 5.02957e-07 -1.4224e-06 4.48214e-07 0.891156
10.0 4.97634e-07 -1.40739e-06 4.43497e-07 0.891211
